Fonction01: 0.5 0.0 0.0 0.5 0.0 0.0 0.33
Fonction02: 0.5 0.0 0.0 0.5 0.5 0.0 0.33
Fonction03: 0.5 0.0 0.0 0.5 0.250 0.433 0.34 /

Pieuvre_
Fonction01: -0.5 0.5 0.5 0.5 0.0 0.0 0.50
Fonction02: 0.5 0.5 -0.5 0.5 0.5 0.5 0.50 /

Arbre_
Fonction01: 0.1950 -0.4880 0.3440 0.4430 0.4431 0.2452 0.20
Fonction02: 0.4620 0.4140 -0.2520 0.3610 0.2511 0.5692 0.20
Fonction03: -0.6370 0.0000 0.0000 0.5010 0.8562 0.2512 0.20
Fonction04: -0.0350 0.0700 -0.4690 0.0220 0.4884 0.5069 0.20
Fonction05: -0.0580 -0.0700 0.4530 -0.1110 0.5976 0.0969 0.20 /

Dragon_
Fonction01: 0.824074 0.281428 -0.212346  0.864198 -1.882290 -0.110607 0.80
Fonction02: 0.088272 0.520988 -0.463889 -0.377778 0.785360 8.095795 0.2 /

//Fonction**: a b c d e f proba '/' à la fin du fichier.
Mettre ca dans le dossier doc
** numero de la fonction


